     0/299    0.801G    0.1065   0.03127         0    0.1378         0       640     0.247    0.0119  0.005487  0.001452   0.09904   0.02573         0
     1/299    0.875G    0.0979   0.02849         0    0.1264         0       640    0.1028   0.02381  0.006743  0.001006   0.08987   0.02478         0
     2/299    0.875G   0.09324   0.02735         0    0.1206         4       640   0.01526   0.04762  0.008556  0.002279   0.08474    0.0238         0
     3/299    0.875G   0.08877   0.02829         0    0.1171         0       640   0.03399   0.09524   0.01263  0.002099   0.08215   0.02353         0
     4/299    0.875G   0.08706   0.03016         0    0.1172         3       640   0.04143   0.07143   0.01235  0.001753   0.07753   0.02343         0
     5/299    0.877G   0.08193   0.02814         0    0.1101         0       640   0.05158   0.08333   0.01457  0.002924   0.07275    0.0239         0
     6/299    0.877G   0.07779   0.02749         0    0.1053         1       640   0.08902    0.1268   0.03886  0.009306   0.06983   0.02352         0
     7/299    0.877G   0.07141   0.02743         0   0.09884         0       640    0.0769    0.2143   0.04878    0.0104   0.06673   0.02371         0
     8/299    0.877G   0.07086   0.03063         0    0.1015         2       640   0.08614    0.4762    0.0594   0.01028   0.06304   0.02334         0
     9/299    0.877G   0.06797   0.03033         0    0.0983         4       640   0.08553    0.4881   0.07046   0.01306   0.06053   0.02223         0
    10/299    0.877G   0.06607   0.02869         0   0.09476         2       640    0.1443    0.3452    0.1042   0.03014   0.05797   0.02211         0
    11/299    0.877G     0.064   0.02927         0   0.09327         1       640    0.1506    0.3082    0.1168   0.02787   0.05821   0.02075         0
    12/299    0.877G   0.06347   0.02822         0   0.09169         1       640    0.3679    0.4167    0.2996   0.08059   0.06267   0.01976         0
    13/299    0.877G   0.06187   0.02588         0   0.08775         0       640    0.4454    0.4111    0.3676    0.1325   0.05443   0.01949         0
    14/299    0.877G   0.06178   0.02526         0   0.08705         1       640     0.491     0.369    0.3505    0.1125   0.05914   0.01987         0
    15/299    0.877G   0.06051   0.02325         0   0.08376         1       640    0.4477    0.3333    0.2976    0.0849   0.05844   0.01823         0
    16/299    0.877G   0.06402   0.02375         0   0.08776         2       640    0.4792    0.2857    0.3081    0.1018   0.05822   0.01979         0
    17/299    0.877G   0.06064   0.02274         0   0.08338         0       640    0.4541    0.2857    0.2914   0.07813   0.05753    0.0199         0
    18/299    0.877G   0.05687   0.02226         0   0.07913         1       640    0.3637    0.2738    0.2612   0.08367   0.05772   0.01953         0
    19/299    0.877G   0.05813   0.02219         0   0.08032         1       640    0.6823    0.3324    0.4071    0.1361   0.05848   0.01729         0
    20/299    0.877G   0.05696   0.02277         0   0.07973         1       640    0.3767    0.5119    0.3966    0.1186   0.05296   0.01938         0
    21/299    0.877G   0.05951   0.02184         0   0.08136         1       640    0.5058     0.369    0.3903    0.1267   0.05528   0.01869         0
    22/299    0.877G   0.05376   0.02429         0   0.07804         1       640    0.4969    0.3571    0.4077    0.1568   0.05112    0.0189         0
    23/299    0.877G   0.05071   0.02138         0   0.07209         0       640    0.6907    0.4881    0.5419    0.2151   0.04934   0.01791         0
    24/299    0.877G   0.05034    0.0223         0   0.07264         1       640    0.5522    0.5119    0.5059     0.186   0.04839   0.01957         0
    25/299    0.877G   0.05024   0.02293         0   0.07317         1       640    0.4841     0.369    0.3473     0.139   0.05526   0.02071         0
    26/299    0.877G   0.04821    0.0203         0   0.06852         3       640    0.4549    0.4867    0.4332    0.1904   0.04924   0.01861         0
    27/299    0.877G   0.04713   0.02156         0   0.06869         2       640    0.5166    0.5471    0.4828    0.1873   0.04841   0.01778         0
    28/299    0.877G   0.04699   0.02184         0   0.06883         2       640    0.6712    0.5103    0.5104    0.1652   0.05016   0.01773         0
    29/299    0.877G   0.04574   0.02034         0   0.06608         4       640    0.4144    0.4044    0.3728      0.14   0.05606   0.01949         0
    30/299    0.877G   0.04758   0.02063         0   0.06821         2       640     0.655    0.3214    0.3738    0.1457   0.05298   0.02041         0
    31/299    0.877G   0.04648   0.02013         0   0.06661         2       640    0.5428    0.4524    0.4686    0.2021   0.04904   0.01859         0
    32/299    0.877G   0.04706   0.02138         0   0.06844         0       640     0.659    0.3912     0.454    0.1871   0.04852   0.01875         0
    33/299    0.877G   0.04657   0.01989         0   0.06646         2       640    0.5055    0.5238    0.4598    0.1795   0.05324   0.01761         0
    34/299    0.877G    0.0491   0.01925         0   0.06835         3       640    0.5262    0.4762    0.3926    0.1373   0.05309   0.01864         0
    35/299    0.877G   0.04683   0.01956         0   0.06639         1       640    0.3685    0.2857    0.2309   0.08796   0.05639   0.02535         0
    36/299    0.877G   0.04316   0.02094         0    0.0641         0       640    0.3673    0.2381    0.2322   0.07979   0.05959   0.02229         0
    37/299    0.877G   0.04445   0.02022         0   0.06467         2       640    0.4377    0.4643    0.4056    0.1374   0.05213    0.0195         0
    38/299    0.877G   0.04335   0.01982         0   0.06317         4       640    0.5651    0.3094    0.3515    0.1421   0.05523   0.02111         0
    39/299    0.877G   0.04597   0.01844         0    0.0644         1       640    0.6196     0.369    0.4463     0.165    0.0525    0.0185         0
    40/299    0.877G   0.04472   0.01838         0   0.06309         2       640    0.7311    0.3571    0.4223    0.1582   0.05072   0.01958         0
    41/299    0.877G   0.04429   0.01919         0   0.06348         0       640    0.5067    0.3571    0.3162   0.09984   0.05984   0.02022         0
    42/299    0.877G   0.04368   0.01832         0     0.062         1       640    0.6236    0.2976    0.3688     0.138   0.05223   0.02304         0
    43/299    0.877G    0.0426   0.01767         0   0.06027         3       640     0.649    0.4881     0.548    0.2023   0.04797   0.01873         0
    44/299    0.877G    0.0413   0.01804         0   0.05934         2       640    0.6248    0.4762    0.4951    0.1933   0.05031   0.01867         0
    45/299    0.877G   0.04197   0.01786         0   0.05982         3       640    0.7598     0.452    0.5391    0.2075   0.04803   0.01894         0
    46/299    0.877G   0.04159   0.01679         0   0.05838         0       640    0.5891     0.381    0.4275    0.1625   0.05184   0.01969         0
    47/299    0.877G   0.04172   0.01728         0     0.059         2       640    0.6481    0.4167     0.463    0.1732   0.04963   0.01932         0
    48/299    0.877G   0.04335   0.01701         0   0.06036         1       640    0.5797    0.5119     0.498    0.2008   0.04917   0.01812         0
    49/299    0.877G   0.03929   0.01774         0   0.05703         1       640    0.6609    0.4641      0.49    0.1949   0.05205   0.01851         0
    50/299    0.877G   0.04064    0.0166         0   0.05724         0       640    0.6417    0.5119    0.5055    0.2118   0.04974   0.01748         0
    51/299    0.877G   0.03925   0.01701         0   0.05626         1       640    0.5812    0.5952    0.5451    0.2364   0.04916   0.01715         0
    52/299    0.877G   0.04001   0.01616         0   0.05618         1       640    0.5971    0.5119    0.4789    0.1832   0.04829   0.01869         0
    53/299    0.877G   0.04179   0.01734         0   0.05914         1       640    0.6657    0.4286    0.4865     0.196   0.04862   0.01873         0
    54/299    0.877G   0.03787   0.01527         0   0.05314         5       640    0.4994    0.3929    0.4015    0.1817   0.04959   0.01975         0
    55/299    0.877G   0.04013   0.01752         0   0.05764         3       640    0.8215    0.3333    0.4404    0.1533   0.05268   0.01901         0
    56/299    0.877G    0.0369   0.01736         0   0.05425         1       640    0.6525    0.4048    0.4853    0.2052   0.04811   0.01851         0
    57/299    0.877G   0.03999   0.01709         0   0.05708         3       640       0.8    0.4284    0.5295    0.2075   0.04699   0.01899         0
    58/299    0.877G   0.03929    0.0152         0    0.0545         1       640    0.7008    0.4286    0.4847    0.1852   0.05202   0.01852         0
    59/299    0.877G   0.03863   0.01502         0   0.05365         1       640    0.7543    0.5118    0.5497    0.2327   0.04685   0.02029         0
    60/299    0.877G   0.04126   0.01735         0   0.05861         2       640    0.5731    0.5114    0.4772    0.1828   0.04863   0.02014         0
    61/299    0.877G   0.03675   0.01617         0   0.05292         2       640    0.5624    0.3214    0.3441     0.153   0.05146   0.02257         0
    62/299    0.877G   0.03604   0.01539         0   0.05143         0       640    0.7538    0.4048    0.4939    0.2091   0.05171    0.0197         0
    63/299    0.877G   0.03647   0.01507         0   0.05155         2       640    0.7068    0.4879    0.5477    0.2306   0.04812   0.01898         0
    64/299    0.877G   0.03705   0.01566         0   0.05271         0       640    0.7012     0.475    0.5371     0.211   0.04898   0.01941         0
    65/299    0.877G   0.03934   0.01682         0   0.05617         3       640    0.7314    0.4881    0.5486    0.1964    0.0498   0.01885         0
    66/299    0.877G   0.03822    0.0164         0   0.05463         1       640    0.5388    0.5476    0.5266       0.2   0.04958    0.0197         0
    67/299    0.877G   0.03834   0.01685         0   0.05519         5       640    0.5951    0.4048    0.4258    0.1788   0.04962   0.02044         0
    68/299    0.877G   0.03541   0.01486         0   0.05026         3       640    0.5585       0.5    0.4634    0.1971   0.05155   0.02156         0
    69/299    0.877G   0.03703   0.01654         0   0.05357         4       640    0.5843    0.4519    0.4727    0.1894   0.05191   0.02032         0
    70/299    0.877G   0.03429   0.01542         0   0.04971         3       640    0.5933    0.4881    0.4562    0.1882   0.05191   0.01914         0
    71/299    0.877G    0.0389   0.01629         0    0.0552         3       640    0.6997       0.5    0.5342    0.2175   0.04963   0.01806         0
    72/299    0.877G   0.03446   0.01491         0   0.04937         2       640    0.5257    0.5714    0.5361     0.216   0.04763   0.01825         0
    73/299    0.877G   0.03526   0.01484         0    0.0501         1       640    0.5827    0.5833    0.5787    0.2215   0.04967   0.01727         0
    74/299    0.877G   0.03644   0.01452         0   0.05096         1       640    0.6557    0.4762    0.5499    0.2277    0.0483   0.01798         0
    75/299    0.877G   0.03323   0.01374         0   0.04697         0       640     0.652    0.5354    0.5418    0.2247    0.0476   0.01939         0
    76/299    0.877G   0.03477   0.01527         0   0.05004         2       640    0.6206    0.4284    0.4548    0.1941   0.05101   0.01938         0
    77/299    0.877G   0.03365   0.01462         0   0.04827         3       640    0.6651    0.4762    0.4759    0.2053   0.04885   0.02055         0
    78/299    0.877G   0.03351   0.01415         0   0.04766         1       640    0.6666       0.5    0.5089    0.2185   0.04898   0.01957         0
    79/299    0.877G   0.03386   0.01493         0   0.04879         1       640    0.5631    0.4756    0.4274    0.1901   0.04923   0.02209         0
    80/299    0.877G   0.03467   0.01473         0    0.0494         1       640    0.6262       0.5    0.5227    0.1962   0.04792   0.02004         0
    81/299    0.877G   0.03408   0.01493         0   0.04901         2       640    0.6717    0.4881    0.5215    0.2121   0.04833   0.01972         0
    82/299    0.877G   0.03414   0.01504         0   0.04918         0       640    0.5971    0.5117    0.5302    0.2269   0.04667   0.01984         0
    83/299    0.877G   0.03161   0.01354         0   0.04515         1       640    0.7167    0.5119    0.5339    0.2012   0.04836   0.01967         0
    84/299    0.877G   0.03165   0.01439         0   0.04604         1       640    0.5687    0.4881    0.4663     0.177   0.05037    0.0207         0
    85/299    0.877G   0.03376   0.01417         0   0.04793         1       640     0.703    0.5357    0.5329    0.2096   0.04839   0.01962         0
    86/299    0.877G    0.0299   0.01341         0   0.04331         1       640    0.7358    0.4642    0.5469    0.2053   0.04827   0.02045         0
    87/299    0.877G   0.03232    0.0156         0   0.04793         1       640    0.6393    0.4643    0.5082    0.1968   0.04818   0.02068         0
    88/299    0.877G   0.03264   0.01286         0    0.0455         1       640    0.5622    0.5357    0.5253    0.1973   0.04985   0.02047         0
    89/299    0.877G   0.03396   0.01348         0   0.04744         1       640    0.5443    0.5714    0.5348    0.2095   0.04862   0.01927         0
    90/299    0.877G   0.03133   0.01402         0   0.04535         3       640    0.6717    0.5119    0.5189    0.1876   0.04968    0.0199         0
    91/299    0.877G   0.03158   0.01472         0   0.04629         0       640    0.6506    0.4876    0.4899    0.1987   0.04731   0.02033         0
    92/299    0.877G   0.02915   0.01354         0   0.04269         1       640     0.722    0.4643    0.5382    0.2195   0.04888   0.01948         0
    93/299    0.877G   0.03084   0.01354         0   0.04438         4       640     0.626       0.5    0.5199    0.2153   0.04864   0.02029         0
    94/299    0.877G   0.03196   0.01312         0   0.04508         1       640    0.6538    0.4047    0.4588    0.1908   0.04855   0.02183         0
    95/299    0.877G   0.03047   0.01337         0   0.04383         1       640    0.7113    0.4405    0.5137    0.2017   0.04877   0.02048         0
    96/299    0.877G   0.03276   0.01479         0   0.04755         2       640    0.5584    0.5595    0.5134    0.2211      0.05   0.01994         0
    97/299    0.877G   0.03032   0.01446         0   0.04478         2       640    0.7445    0.4511    0.4923    0.2024   0.05014   0.02012         0
    98/299    0.877G   0.03135   0.01443         0   0.04578         2       640     0.581    0.5118    0.5023    0.1808   0.04804   0.02078         0
    99/299    0.877G   0.03188   0.01302         0    0.0449         1       640    0.7192    0.4881    0.5369     0.216   0.04917   0.01956         0
   100/299    0.877G   0.03139   0.01217         0   0.04355         3       640     0.724       0.5     0.562     0.213   0.04913   0.01906         0
   101/299    0.877G   0.03122   0.01362         0   0.04484         1       640     0.739    0.4405    0.5022    0.2192   0.04896   0.02068         0
   102/299    0.877G   0.02991   0.01333         0   0.04324         1       640    0.6362    0.4167    0.4717    0.2057   0.04787   0.02197         0
   103/299    0.877G   0.03161   0.01348         0   0.04509         2       640    0.6907    0.4524    0.4951    0.2089   0.04819   0.02217         0
   104/299    0.877G   0.02873   0.01266         0   0.04139         5       640    0.6936    0.4048    0.4646    0.1991   0.04959   0.02095         0
   105/299    0.877G   0.02919   0.01359         0   0.04278         2       640      0.66    0.3929    0.4206    0.1815   0.05154   0.02211         0
   106/299    0.877G   0.03035   0.01219         0   0.04254         2       640    0.6384    0.5476    0.5092    0.2109   0.04839   0.02071         0
   107/299    0.877G   0.03043   0.01253         0   0.04296         1       640    0.6444    0.5833    0.5614    0.2402   0.04753   0.01983         0
   108/299    0.877G   0.02961   0.01328         0   0.04289         3       640    0.6896     0.476    0.5337    0.2184   0.05011   0.02043         0
   109/299    0.877G   0.02897    0.0116         0   0.04057         0       640    0.6405    0.4881    0.5276    0.2107   0.04946   0.02098         0
   110/299    0.877G   0.02969   0.01255         0   0.04224         1       640    0.5958    0.5119    0.5083    0.2373   0.04647      0.02         0
   111/299    0.877G   0.02903   0.01274         0   0.04177         1       640    0.7318    0.4881    0.5261    0.2196   0.04757   0.02028         0
   112/299    0.877G   0.02983   0.01268         0   0.04251         2       640    0.6664       0.5    0.5586    0.2385   0.04713   0.02025         0
   113/299    0.877G   0.03022   0.01159         0   0.04181         0       640    0.8109    0.4643    0.5611     0.219   0.04932    0.0213         0
   114/299    0.877G   0.02823   0.01282         0   0.04104         3       640    0.7818    0.5118    0.5981    0.2417   0.04832   0.02004         0
   115/299    0.877G     0.027   0.01137         0   0.03838         1       640    0.7271    0.4762    0.5353    0.2259   0.04855   0.02088         0
   116/299    0.877G   0.02708   0.01194         0   0.03902         2       640     0.611    0.5236     0.528     0.215   0.04928   0.02094         0
   117/299    0.877G   0.02777   0.01241         0   0.04018         4       640    0.7438     0.381    0.4745    0.1975   0.04973   0.02192         0
   118/299    0.877G    0.0261   0.01153         0   0.03763         1       640    0.5685    0.4881    0.5018    0.2177   0.05029   0.02273         0
   119/299    0.877G   0.02904   0.01217         0    0.0412         0       640    0.6716    0.5119    0.5236    0.2218    0.0489   0.02195         0
   120/299    0.877G   0.02635   0.01269         0   0.03904         0       640    0.5363    0.5233    0.4768    0.2108   0.04902   0.02236         0
   121/299    0.877G   0.02833   0.01356         0    0.0419         1       640    0.6439    0.4524    0.4778    0.1972      0.05   0.02181         0
   122/299    0.877G   0.02878   0.01189         0   0.04066         2       640    0.6885       0.5    0.4777    0.2031   0.04821   0.02263         0
   123/299    0.877G   0.02815   0.01283         0   0.04097         3       640    0.6933    0.5119    0.5211    0.2084   0.04865    0.0222         0
   124/299    0.877G   0.02672   0.01095         0   0.03767         3       640     0.619    0.4641    0.4428    0.2041   0.04847   0.02379         0
   125/299    0.877G   0.02686    0.0113         0   0.03817         2       640    0.7499    0.4643      0.51    0.2083   0.05023   0.02214         0
   126/299    0.877G   0.02703   0.01182         0   0.03885         1       640    0.6948    0.4879    0.5037    0.2037   0.05024   0.02246         0
   127/299    0.877G    0.0249   0.01262         0   0.03752         2       640    0.5973    0.5476    0.5187    0.2115   0.05039   0.02128         0
   128/299    0.877G   0.02819   0.01281         0   0.04101         4       640    0.7321     0.488     0.533    0.2016    0.0513   0.02137         0
   129/299    0.877G   0.02706   0.01125         0   0.03831         2       640    0.5713    0.5714    0.5334     0.201   0.05112   0.02245         0
   130/299    0.877G   0.02579   0.01216         0   0.03795         5       640    0.6081       0.5    0.4813    0.1871    0.0514   0.02193         0
   131/299    0.877G    0.0265   0.01091         0   0.03742         2       640    0.6829    0.4881    0.4969     0.203   0.05119   0.02232         0
   132/299    0.877G    0.0263   0.01168         0   0.03798         2       640    0.7555    0.4046    0.5011    0.2113   0.05095   0.02242         0
   133/299    0.877G   0.02645   0.01203         0   0.03848         2       640    0.6788    0.4286    0.4409    0.1987   0.05143   0.02328         0
   134/299    0.877G   0.02652   0.01169         0   0.03821         3       640    0.7058    0.4286    0.4408    0.1856   0.05135   0.02149         0
   135/299    0.877G   0.02479   0.01158         0   0.03637         3       640    0.5969    0.4759    0.4334    0.1825   0.05078   0.02193         0
   136/299    0.877G    0.0258    0.0113         0    0.0371         4       640    0.6774       0.5    0.4576    0.1873   0.05195    0.0222         0
   137/299    0.877G   0.02549   0.01124         0   0.03673         2       640    0.6461       0.5    0.4516    0.2075   0.05143   0.02179         0
   138/299    0.877G   0.02425   0.01145         0   0.03569         1       640    0.7115    0.4405    0.4483    0.2011   0.05179   0.02177         0
   139/299    0.877G   0.02693   0.01176         0   0.03869         2       640     0.645    0.4762    0.4468    0.1975   0.05104   0.02222         0
   140/299    0.877G   0.02506   0.01106         0   0.03612         1       640    0.7091    0.4643    0.4883    0.2262   0.04964   0.02165         0
   141/299    0.877G   0.02421   0.01072         0   0.03493         0       640     0.661    0.4643    0.4588    0.2025   0.05011   0.02208         0
   142/299    0.877G   0.02483   0.01152         0   0.03635         2       640    0.6459       0.5    0.4831    0.2157   0.04989   0.02102         0
   143/299    0.877G   0.02305   0.01126         0    0.0343         0       640    0.7047    0.5119    0.4851    0.2152   0.05024   0.02084         0
   144/299    0.877G   0.02535   0.01091         0   0.03626         2       640    0.7839    0.4762    0.5082    0.1943    0.0507    0.0219         0
   145/299    0.877G   0.02716   0.01054         0    0.0377         1       640    0.6998       0.5    0.5376    0.2084   0.05072   0.02131         0
   146/299    0.877G   0.02406  0.009664         0   0.03372         0       640    0.6613    0.4881    0.4911    0.2043   0.05069   0.02188         0
   147/299    0.877G    0.0251   0.01069         0   0.03579         3       640    0.6085    0.4995    0.4836    0.1998   0.05062   0.02216         0
   148/299    0.877G   0.02545    0.0116         0   0.03705         1       640    0.5541    0.5476    0.4739    0.2023   0.04983   0.02239         0
   149/299    0.877G   0.02521   0.01045         0   0.03566         0       640     0.581    0.5117    0.4664    0.1918   0.05034   0.02252         0
   150/299    0.877G   0.02486   0.01172         0   0.03658         3       640    0.5713    0.5235    0.4895    0.2046   0.05063   0.02206         0
   151/299    0.877G   0.02562   0.01187         0   0.03749         0       640    0.6499    0.4643    0.4484    0.1897   0.05041   0.02286         0
   152/299    0.877G   0.02296   0.01072         0   0.03368         4       640    0.5613    0.5331    0.5015    0.2234   0.05108   0.02223         0
   153/299    0.877G    0.0245   0.01022         0   0.03473         0       640    0.5461    0.4881    0.4156    0.1771   0.05082   0.02332         0
   154/299    0.877G   0.02422    0.0105         0   0.03472         3       640    0.8191     0.381     0.465    0.1705   0.05192   0.02414         0
   155/299    0.877G   0.02485    0.0109         0   0.03575         2       640    0.6071    0.4046    0.4275    0.1952   0.05091   0.02334         0
   156/299    0.877G   0.02517   0.01106         0   0.03623         4       640    0.6243    0.4762    0.5094    0.2193   0.05086    0.0215         0
   157/299    0.877G   0.02336   0.01018         0   0.03354         1       640     0.672    0.4643    0.5329    0.2212   0.05016   0.02166         0
   158/299    0.877G   0.02588   0.01138         0   0.03726         3       640    0.5844    0.5356    0.5135    0.2177   0.04869   0.02218         0
   159/299    0.877G   0.02371   0.01064         0   0.03435         0       640    0.6718    0.4405    0.4894    0.2019   0.04949   0.02234         0
   160/299    0.877G   0.02435   0.01083         0   0.03518         0       640     0.727    0.4167    0.4865    0.1864   0.04941   0.02411         0
   161/299    0.877G   0.02218  0.009884         0   0.03206         0       640    0.6018    0.4881    0.4629    0.1852   0.04886   0.02424         0
   162/299    0.877G   0.02299   0.01119         0   0.03417         3       640    0.5934    0.4881    0.4651    0.2071   0.04806   0.02305         0
   163/299    0.877G   0.02395    0.0104         0   0.03435         3       640    0.7252    0.4405    0.4706    0.1937   0.04843    0.0255         0
   164/299    0.877G   0.02326  0.009091         0   0.03235         1       640    0.6666    0.4998    0.4884     0.196   0.04874   0.02398         0
   165/299    0.877G   0.02474   0.01121         0   0.03595         2       640    0.6849    0.4405    0.4724    0.2081   0.04966    0.0226         0
   166/299    0.877G   0.02415   0.01169         0   0.03584         1       640    0.6892    0.4762    0.4883     0.211    0.0493   0.02234         0
   167/299    0.877G    0.0242   0.01063         0   0.03483         3       640    0.7736     0.488     0.484    0.2076   0.04926   0.02322         0
   168/299    0.877G   0.02281  0.009868         0   0.03268         1       640    0.7068    0.4881    0.4927    0.2039   0.05025   0.02322         0
   169/299    0.877G   0.02228  0.009768         0   0.03205         1       640    0.7182    0.4881    0.5059    0.2129   0.05062    0.0226         0
   170/299    0.877G   0.02215   0.01119         0   0.03334         0       640    0.7305    0.4517     0.507    0.2167   0.04985   0.02282         0
   171/299    0.877G   0.02271   0.01035         0   0.03305         1       640    0.6769    0.4762    0.5236    0.2214   0.05004   0.02281         0
   172/299    0.877G   0.02277  0.009773         0   0.03254         0       640    0.6338    0.5357     0.502    0.2169   0.05044   0.02206         0
   173/299    0.877G   0.02166  0.009701         0   0.03136         1       640    0.6244    0.5345    0.5159    0.2255   0.05055   0.02228         0
   174/299    0.877G   0.02267   0.01072         0   0.03339         4       640     0.697    0.5476    0.5349    0.2199   0.05029   0.02258         0
   175/299    0.877G   0.02172   0.01071         0   0.03243         3       640    0.6527    0.5595    0.5044     0.214   0.05075   0.02252         0
   176/299    0.877G   0.02152   0.01003         0   0.03155         1       640    0.6164    0.5356    0.5208    0.2187    0.0507    0.0224         0
   177/299    0.877G   0.02165  0.009477         0   0.03112         3       640    0.7273    0.4761    0.5045    0.2067   0.05082   0.02336         0
   178/299    0.877G   0.02156   0.00982         0   0.03138         3       640    0.6868    0.5238    0.5055    0.2147   0.05017   0.02417         0
   179/299    0.877G    0.0235  0.009319         0   0.03282         3       640    0.6883       0.5    0.5185    0.2243   0.05022   0.02382         0
   180/299    0.877G   0.02263  0.009916         0   0.03255         3       640    0.7727    0.4047    0.4675    0.2188   0.04979   0.02491         0
   181/299    0.877G   0.02191   0.01073         0   0.03264         2       640    0.6833     0.488    0.5232    0.2354   0.04952   0.02422         0
   182/299    0.877G   0.02133  0.009389         0   0.03072         0       640     0.719    0.4881    0.5425    0.2362   0.04968   0.02296         0
   183/299    0.877G   0.02318   0.01053         0   0.03371         3       640    0.6714    0.5595    0.5532    0.2292   0.05014   0.02218         0
   184/299    0.877G   0.02092      0.01         0   0.03093         0       640    0.6101    0.5595    0.5405    0.2119   0.05054   0.02242         0
   185/299    0.877G   0.02102   0.01045         0   0.03147         3       640    0.7346    0.4643    0.5226    0.2106   0.05028   0.02319         0
   186/299    0.877G   0.02226  0.009785         0   0.03205         2       640    0.6903    0.4524    0.4972    0.1963   0.05056   0.02289         0
   187/299    0.877G    0.0213  0.009337         0   0.03064         2       640    0.6725    0.4405    0.4645    0.2015   0.04982   0.02327         0
   188/299    0.877G   0.02054  0.009099         0   0.02963         1       640    0.7499    0.4641    0.4896    0.2107    0.0496    0.0234         0
   189/299    0.877G   0.01989  0.009436         0   0.02932         0       640      0.77    0.4405    0.4914    0.2117   0.04969   0.02333         0
   190/299    0.877G   0.02202  0.009955         0   0.03198         0       640     0.681    0.5357    0.5638    0.2164   0.04976   0.02275         0
   191/299    0.877G    0.0213  0.009146         0   0.03045         1       640    0.5401    0.5592    0.4799    0.2072   0.04862     0.025         0
   192/299    0.877G   0.02213   0.01053         0   0.03267         5       640    0.6882       0.5    0.5007    0.2057   0.04939   0.02394         0
   193/299    0.877G   0.02017  0.009938         0   0.03011         0       640    0.6323    0.5117    0.4811    0.1928   0.05072   0.02338         0
   194/299    0.877G   0.02089  0.009779         0   0.03067         1       640    0.6142    0.5117    0.4924    0.1975   0.05059   0.02432         0
   195/299    0.877G   0.02098  0.009701         0   0.03068         0       640    0.8332    0.4164     0.505    0.1924   0.05014   0.02499         0
   196/299    0.877G   0.02066  0.009617         0   0.03028         2       640    0.5713    0.5238    0.4973    0.1963   0.05024     0.025         0
   197/299    0.877G   0.02153  0.009321         0   0.03085         1       640    0.6666    0.4761    0.5296    0.2087   0.04934    0.0248         0
   198/299    0.877G   0.02082   0.01009         0   0.03091         2       640    0.6337    0.5355     0.544     0.217   0.04839    0.0242         0
   199/299    0.877G   0.02117  0.009793         0   0.03096         2       640    0.8261    0.4523    0.5378    0.2205   0.04899   0.02313         0
   200/299    0.877G   0.02076  0.009417         0   0.03018         0       640    0.7953    0.4643     0.536    0.2163    0.0489   0.02346         0
   201/299    0.877G    0.0208   0.01038         0   0.03118         1       640    0.7799    0.4643    0.5103    0.2068   0.04829   0.02467         0
   202/299    0.877G    0.0211   0.01019         0   0.03129         1       640    0.7754    0.4524    0.5132     0.212   0.04807   0.02483         0
   203/299    0.877G    0.0203  0.009616         0   0.02991         2       640    0.7959    0.4641    0.5432    0.2195   0.04818   0.02413         0
   204/299    0.877G   0.01916  0.008616         0   0.02777         1       640    0.7247    0.4405    0.5069    0.2252    0.0475   0.02495         0
   205/299    0.877G   0.02009  0.009314         0   0.02941         4       640    0.6768    0.5238    0.5435    0.2135   0.04807   0.02496         0
   206/299    0.877G   0.02129  0.009194         0   0.03048         1       640    0.6108    0.5238    0.5318    0.2188   0.04832   0.02462         0
   207/299    0.877G    0.0201   0.01043         0   0.03053         1       640    0.8085    0.4523    0.5525    0.2271   0.04807   0.02502         0
   208/299    0.877G   0.01998  0.009465         0   0.02945         1       640    0.8604    0.4405    0.5445    0.2243   0.04842    0.0252         0
   209/299    0.877G   0.02022  0.009976         0   0.03019         2       640    0.7449    0.4524    0.5105    0.2207   0.04872   0.02485         0
   210/299    0.877G   0.01994  0.009287         0   0.02922         1       640    0.7451    0.4523    0.5143    0.2335   0.04753   0.02506         0
   211/299    0.877G    0.0193  0.009541         0   0.02884         0       640    0.5553    0.5952    0.5315    0.2365   0.04737   0.02479         0
   212/299    0.877G   0.01969  0.009275         0   0.02897         1       640    0.6405    0.4881    0.5082    0.2417   0.04731   0.02499         0
   213/299    0.877G   0.02014   0.01029         0   0.03042         1       640    0.5599    0.5907    0.5261    0.2303   0.04804   0.02436         0
   214/299    0.877G   0.01704   0.00916         0    0.0262         1       640    0.6471    0.5238    0.5616    0.2379   0.04809   0.02395         0
   215/299    0.877G   0.02062  0.008248         0   0.02887         2       640    0.6336    0.5352    0.5308    0.2246   0.04824   0.02467         0
   216/299    0.877G   0.01932  0.008976         0   0.02829         3       640    0.6505    0.4881    0.4747    0.2082   0.04757   0.02645         0
   217/299    0.877G   0.02009  0.008776         0   0.02886         3       640    0.6454       0.5     0.492    0.2083   0.04833   0.02579         0
   218/299    0.877G   0.01927  0.009649         0   0.02892         0       640    0.6176    0.4999    0.4871    0.2167   0.04931   0.02503         0
   219/299    0.877G   0.02056  0.009013         0   0.02958         3       640     0.565    0.5567    0.4861    0.2182   0.04893   0.02527         0
   220/299    0.877G   0.01977  0.008698         0   0.02846         1       640     0.632    0.5119    0.4995    0.2118   0.04927   0.02459         0
   221/299    0.877G   0.01915   0.00963         0   0.02878         1       640    0.6658    0.5238    0.5143    0.2119   0.04906   0.02437         0
   222/299    0.877G   0.01857  0.008537         0    0.0271         2       640    0.6824    0.5116    0.5185    0.2159   0.04846   0.02416         0
   223/299    0.877G   0.01969  0.008611         0    0.0283         0       640    0.6636    0.5476    0.5124    0.2159   0.04791   0.02491         0
   224/299    0.877G   0.01879   0.01004         0   0.02883         3       640    0.6477    0.5476    0.5192    0.2123   0.04806   0.02431         0
   225/299    0.877G   0.01837  0.008238         0   0.02661         0       640    0.6666    0.5474    0.5002    0.2103   0.04788   0.02399         0
   226/299    0.877G    0.0183  0.009346         0   0.02765         0       640    0.6521    0.5355    0.5033      0.22   0.04848   0.02341         0
   227/299    0.877G    0.0182  0.008216         0   0.02642         1       640    0.6215    0.5476     0.507    0.2173   0.04791   0.02376         0
   228/299    0.877G   0.01827  0.008336         0   0.02661         0       640    0.6362    0.5238    0.5085    0.2284   0.04783   0.02387         0
   229/299    0.877G   0.01875  0.009178         0   0.02793         6       640    0.6566    0.5476    0.5536    0.2247    0.0486   0.02397         0
   230/299    0.877G   0.01787  0.008773         0   0.02664         0       640    0.6824    0.5119    0.5264    0.2201   0.04868    0.0245         0
   231/299    0.877G   0.01853  0.009301         0   0.02783         0       640    0.8037    0.4881    0.5636    0.2309   0.04875   0.02364         0
   232/299    0.877G   0.01928  0.008361         0   0.02764         1       640    0.6753    0.5447    0.5428    0.2324   0.04865   0.02421         0
   233/299    0.877G   0.02003  0.008625         0   0.02865         2       640    0.7118    0.5588    0.5472    0.2227   0.04859   0.02448         0
   234/299    0.877G   0.01721  0.008134         0   0.02534         2       640    0.6761    0.5468    0.4814    0.2189   0.04733   0.02553         0
   235/299    0.877G   0.01784  0.009051         0   0.02689         2       640    0.6808    0.5595    0.4864    0.2262    0.0471   0.02521         0
   236/299    0.877G   0.01938  0.009218         0    0.0286         1       640    0.7163    0.5714    0.5549    0.2328   0.04804   0.02423         0
   237/299    0.877G   0.01757  0.008682         0   0.02625         1       640    0.6912    0.5595    0.5296    0.2361   0.04767   0.02429         0
   238/299    0.877G   0.01813  0.008711         0   0.02684         0       640    0.7121    0.5595    0.5185    0.2342   0.04747   0.02396         0
   239/299    0.877G   0.01766  0.008219         0   0.02588         5       640    0.7142    0.5952    0.5705      0.23   0.04771   0.02395         0
   240/299    0.877G   0.01811  0.008248         0   0.02636         0       640    0.7246    0.5952    0.5546    0.2285   0.04759   0.02371         0
   241/299    0.877G   0.01757  0.009084         0   0.02665         1       640    0.6805    0.5833    0.5212    0.2239   0.04778   0.02449         0
   242/299    0.877G   0.01798  0.009084         0   0.02706         4       640    0.7231    0.5595    0.5465    0.2212   0.04759   0.02504         0
   243/299    0.877G   0.01779  0.008826         0   0.02662         2       640     0.598    0.5595    0.5133    0.2127   0.04823   0.02616         0
   244/299    0.877G   0.01791  0.008958         0   0.02687         0       640    0.6418    0.5119    0.5148    0.2145   0.04831   0.02608         0
   245/299    0.877G   0.01856  0.009219         0   0.02778         2       640    0.6468    0.5238    0.4995    0.2318   0.04767   0.02587         0
   246/299    0.877G   0.01754  0.008202         0   0.02574         1       640    0.6511    0.5333    0.5014    0.2288    0.0476    0.0264         0
   247/299    0.877G   0.01842   0.00865         0   0.02707         2       640    0.6571    0.5475    0.5369    0.2271   0.04818   0.02636         0
   248/299    0.877G    0.0182   0.00881         0   0.02701         3       640     0.692    0.5357    0.5278    0.2105    0.0484   0.02633         0
   249/299    0.877G   0.01715  0.008539         0   0.02569         2       640     0.657    0.5473    0.4917    0.2117   0.04855   0.02589         0
   250/299    0.877G   0.01739  0.008599         0   0.02599         0       640    0.7031    0.5357     0.521    0.2131   0.04906   0.02525         0
   251/299    0.877G    0.0169  0.008369         0   0.02527         3       640    0.6663    0.5476    0.4953    0.2137   0.04897   0.02487         0
   252/299    0.877G   0.01724  0.007994         0   0.02523         0       640    0.6473    0.5463     0.506    0.2158   0.04855   0.02496         0
   253/299    0.877G   0.01754  0.008619         0   0.02616         2       640    0.6446    0.5829    0.5325    0.2174   0.04811   0.02511         0
   254/299    0.877G   0.01804  0.008392         0   0.02643         0       640    0.6923    0.5356    0.5295    0.2216   0.04799   0.02525         0
   255/299    0.877G   0.01657   0.00852         0   0.02509         1       640    0.6665    0.5472    0.5295    0.2183   0.04796   0.02529         0
   256/299    0.877G   0.01763  0.008343         0   0.02597         0       640    0.6051    0.5471    0.5182    0.2256   0.04769   0.02589         0
   257/299    0.877G    0.0173  0.008127         0   0.02543         2       640    0.6374    0.5238    0.5055    0.2205   0.04774   0.02629         0
   258/299    0.877G   0.01774  0.007927         0   0.02567         3       640    0.6326    0.5357    0.4874      0.22    0.0479   0.02532         0
   259/299    0.877G    0.0177  0.008305         0     0.026         2       640     0.652    0.5354    0.4758    0.2205   0.04791   0.02496         0
   260/299    0.877G   0.01678  0.008337         0   0.02511         0       640    0.6519    0.5357    0.4988    0.2171    0.0483   0.02531         0
   261/299    0.877G   0.01715  0.008362         0   0.02551         1       640    0.7011    0.5595    0.5301    0.2153   0.04792   0.02515         0
   262/299    0.877G   0.01742  0.007165         0   0.02458         0       640    0.6818    0.5357    0.5095    0.2228   0.04836   0.02454         0
   263/299    0.877G   0.01723   0.00864         0   0.02587         1       640    0.6955    0.5711      0.53    0.2287   0.04845   0.02499         0
   264/299    0.877G   0.01752  0.007556         0   0.02507         2       640    0.6752    0.5714    0.5326    0.2223   0.04874   0.02457         0
   265/299    0.877G    0.0174  0.008383         0   0.02579         2       640    0.6705    0.5595    0.5304    0.2237   0.04875   0.02458         0
   266/299    0.877G   0.01721     0.008         0   0.02521         4       640    0.6662    0.5476    0.5395    0.2297   0.04847    0.0242         0
   267/299    0.877G   0.01638  0.008835         0   0.02521         2       640    0.7029    0.5357    0.5313    0.2246   0.04824   0.02455         0
   268/299    0.877G   0.01732  0.008186         0   0.02551         1       640    0.6935    0.5119    0.5155    0.2262   0.04814   0.02493         0
   269/299    0.877G   0.01687  0.008549         0   0.02542         5       640    0.7096    0.5238    0.5285    0.2238   0.04857   0.02484         0
   270/299    0.877G   0.01822  0.008066         0   0.02629         1       640    0.6244    0.5952    0.5215    0.2249   0.04867   0.02521         0
   271/299    0.877G    0.0165  0.008285         0   0.02479         0       640    0.6006    0.5952    0.5255    0.2295   0.04856   0.02522         0
   272/299    0.877G   0.01638  0.008654         0   0.02503         1       640    0.7141    0.5357    0.5429     0.229    0.0485   0.02509         0
   273/299    0.877G   0.01581  0.008328         0   0.02414         0       640    0.6479    0.5475     0.517    0.2328    0.0483   0.02549         0
   274/299    0.877G   0.01648  0.007884         0   0.02437         0       640     0.676    0.5714    0.5683    0.2365   0.04834   0.02532         0
   275/299    0.877G   0.01663  0.008662         0   0.02529         0       640    0.7077    0.5475    0.5462    0.2354   0.04828   0.02538         0
   276/299    0.877G    0.0172  0.008316         0   0.02552         1       640    0.6475    0.5476    0.5375    0.2351   0.04799   0.02586         0
   277/299    0.877G   0.01751  0.007684         0   0.02519         1       640    0.6425    0.5357    0.5159     0.239   0.04792    0.0259         0
   278/299    0.877G   0.01626   0.00766         0   0.02392         2       640    0.6833    0.4881     0.511    0.2312   0.04814   0.02603         0
   279/299    0.877G   0.01679  0.008176         0   0.02497         1       640       0.7       0.5    0.4948    0.2234   0.04856   0.02627         0
   280/299    0.877G   0.01663  0.007883         0   0.02451         1       640    0.6666    0.5238    0.4878    0.2205   0.04783   0.02658         0
   281/299    0.877G   0.01676  0.007929         0   0.02469         1       640    0.6769    0.5238    0.4966    0.2246   0.04809   0.02626         0
   282/299    0.877G   0.01601  0.007778         0   0.02379         0       640    0.6706    0.5595    0.5554     0.228     0.048    0.0263         0
   283/299    0.877G    0.0161    0.0075         0    0.0236         0       640    0.7187    0.5475    0.5291    0.2215   0.04764   0.02606         0
   284/299    0.877G   0.01567  0.007917         0   0.02359         0       640    0.7141    0.5357    0.5381    0.2239   0.04719    0.0261         0
   285/299    0.877G   0.01586  0.007824         0   0.02368         1       640     0.671    0.5585     0.514    0.2263   0.04757   0.02579         0
   286/299    0.877G   0.01704  0.008099         0   0.02514         2       640    0.7121    0.5595    0.5413    0.2375   0.04779   0.02529         0
   287/299    0.877G   0.01665  0.008283         0   0.02493         2       640    0.7162    0.5714    0.5432    0.2396   0.04776   0.02504         0
   288/299    0.877G   0.01641  0.008143         0   0.02456         0       640    0.7058    0.5713    0.5438    0.2392   0.04833   0.02475         0
   289/299    0.877G   0.01601  0.008418         0   0.02442         0       640    0.7623    0.5357    0.5555    0.2382    0.0482   0.02524         0
   290/299    0.877G   0.01552  0.007409         0   0.02292         1       640    0.6762    0.5476    0.5193    0.2367   0.04761   0.02585         0
   291/299    0.877G   0.01662  0.007892         0   0.02452         3       640    0.6663    0.5468    0.5076    0.2253   0.04777   0.02609         0
   292/299    0.877G   0.01652  0.007964         0   0.02448         2       640    0.7116    0.5595    0.5268    0.2244   0.04783   0.02603         0
   293/299    0.877G   0.01618   0.00779         0   0.02397         0       640    0.7206    0.5833    0.5527     0.233   0.04809   0.02548         0
   294/299    0.877G   0.01631  0.007835         0   0.02414         2       640    0.7058    0.5713    0.5222    0.2345   0.04785   0.02545         0
   295/299    0.877G   0.01553  0.008038         0   0.02357         2       640    0.6765    0.5476    0.5142    0.2348   0.04788    0.0255         0
   296/299    0.877G   0.01685  0.008597         0   0.02545         0       640    0.6764    0.5476    0.5159    0.2366   0.04808    0.0252         0
   297/299    0.877G   0.01575   0.00821         0   0.02396         0       640    0.6711    0.5595    0.5096    0.2279   0.04837    0.0252         0
   298/299    0.877G   0.01599  0.008542         0   0.02453         2       640    0.6617    0.5589    0.5134    0.2259   0.04888    0.0256         0
   299/299    0.877G    0.0162  0.007777         0   0.02398         1       640    0.6546    0.5714    0.5244    0.2322   0.04868    0.0256         0
